-994
-995
-994
-994
-994
-997
-990
-996
-995
-995
-996
-991
-994
-990
-993
-996
-992
-995
-994
-994
-995
-995
-995
-997
-980
-977
-994
-992
-994
-995
-994
-992
-993
-994
-995
-993
-995
-994
-979
-981
-995
-994
-994
-982
-980
-994
-993
-993
-990
-994
-992
-981
-989
-991
-991
-996
-997
-995
-994
-992
-994
-994
-994
-996
-994
-995
-992
-994
-995
-994
-995
-996
-991
-992
-995
-997
-991
-994
-994
-992
-989
-994
-980
-994
-990
-994
-983
-995
-994
-997
-996
-977
-990
-982
-989
-995
-994
-995
-961
-959
