-995
-995
-995
-994
-995
-995
-990
-994
-993
-990
-989
-994
-996
-995
-989
-986
-989
-996
-995
-995
-995
-995
-995
-995
-995
-927
-983
-983
-973
-986
-861
-973
-985
-985
-945
-974
201
-876
-903
-977
-820
-974
-994
-988
-988
-978
-988
-973
201
-966
-927
-882
-972
-946
-996
-967
-803
-987
-987
-987
-987
201
-980
-994
-980
-938
-966
-938
-898
-832
-995
-972
-945
-975
-970
-950
-995
-995
-947
-986
-938
-948
201
201
-924
-890
201
-975
-974
-988
-960
-960
-947
-996
-868
-980
-950
-890
-830
-910
-974
-966
-910
-994
-994
-994
-994
-994
-994
-994
-994
-994
-994
-994
-994
-994
-994
-994
-994
-994
-994
-994
-910
201
-840
201
-966
-836
201
-938
-904
201
201
201
-868
-982
-996
201
201
201
201
201
-971
-994
-819
-973
-970
201
201
-929

-995
-981
-991
-994
-995
-994
-995
-995
-996
-994
-994
-980
-994
-994
-992
-995
-995
-980
-975
-987
-987
-994
-994
-994
-994
-994
-994
-994
-994
-994
-987
-988
-994
-996
-996
-996
-996
-996
-996
-996
-996
-996
-996
-996
-996
-995
-996
-996
-996
-996
-996
-996
-996
-996
-996
-996
-996
-996
-996
-974
-992
-994
-992
-994
-992
-994
-995
-994
-994
-992
-994
-995
-995
-995
-995
-995
-995
-995
-995
-995
-995
-995
-995
-995
-995
-995
-995
-995
-989
-988
-995
-996
-996
-996
-996
-996
-996
-996
-996
-996
-996
-996
-996
-996
-996
-996
-996
-994
-994
-994
-994
-994
-994
-994
-994
-994
-994
-994
-994
-994
-983
-976
-989
-980
-980
-979
-919
-990
-991
-991
-997
-992
-991
-991
-992
-964
-974
-960
-989
-989
-960
-990
-974
-875
-959
-989
-994
-818
-979
-994

-995
-996
-995
-995
-994
-992
-994
-994
-995
-995
-994
-988
-995
-996
-993
-985
-994
-982
-993
-994
-995
-994
-996
-994
-995
-996
-996
-943
-990
-987
-987
-987
-987
-987
-987
-987
-987
-966
-993
-988
-987
-995
-994
-973
-993
-993
-993
-993
-993
-990
-993
-986
-986
-987
-987
-960
-996
-997
-997
-997
-997
-996
-997
-997
-997
-996
-996
-996
-997
-997
-997
-997
-996
-996
-996
-996
-996
-996
-966
-973
-876
-996
-875
-959
-980
-916
201
201
-994
201
201
-962
-993
-987
-980
-931
201
-806
201
-987
-987
-987
-987
-973
-987
-987
-987
-987
-987
-987
-817
-917
-987
-987
-966
-973
201
201
-886
-924
-953
-953
-911
-918
-824
-994
-935
-937
-974
-994
-946
-946
-974
-994
-900
201
-982
-954
-960
-931
-988
-987
-960
-987
-988
-987
-890
201
-996
201
