-993
-983
-994
-991
-994
-994
-996
-996
-994
-994
-995
-992
-994
-994
-987
-994
-996
-996
-994
-996
-996
-996
-997
-996
-980
-994
-994
-994
-994
-994
-995
-994
-994
-994
-994
-994
-994
-995
-995
-995
-994
-995
-994
-994
-988
-988
-989
-996
-984
-986
-994
-995
-952
-987
-988
-959
-981
-996
-994
-996
-994
-966
-994
-994
-957
-994
-994
-994
-945
-995
-973
-982
-987
-987
-959
-987
-987
-987
-987
-987
-986
-986
-986
-986
-986
-880
-996
-996
-996
-995
-969
-986
-996
-996
-996
-996
-996
-996
-996
-996
-996
-996
-996
-996
-996
-996
-996
-996
-996
-996
-996
-996
-883
-881
-796
-906
-964
-983
-915
-989
-986
-989
-986
-989
-988
-989
-880
-906
