-996
-995
-994
-990
-981
-996
-993
-995
-994
-995
-997
-996
-997
-995
-988
-988
-988
-988
-987
-987
-996
-996
-996
-996
-996
-996
-996
-995
-996
-996
-995
-996
-987
-992
-992
-987
-997
-990
-987
-987
-975
-973
-960
-989
-995
-973
-995
-995
-995
-995
-995
-995
-994
-993
-993
-993
-931
-985
-932
-902
-918
-976
-974
-929
-818
-995
-877
-973
-972
-987
-987
-994
-973
-987
-994
-897
-981
-994
-939
-931
-913
-993
-995
-993
-994
-994
-974
-993
-995
-993
-993
-993
-993
-993
-993
-993
-993
-993
-993
-993
-959
-959
-987
-988
-988
-994
-994
-994
-996
-996
-994
-988
-987
-955
-930
-958
-930
-870
-917
-986
-994
-995
-995
-995
-995
-995
-995
-995
-995
-995
-995
-995
-995
-995
-889
-996
201
-996
-996
201
-994
-994
-994
-994
-994
-994
-994
-994
-994
-994
