-983
-963
-982
-994
-995
-994
-994
-995
-992
-972
-997
-992
-992
-976
-957
-994
-986
-981
-993
-986
-997
-997
-997
-997
-997
-997
-997
-997
-997
-997
-997
-902
-958
-905
-918
-994
-995
-995
-995
-995
-995
-995
-995
-995
-995
-995
-995
-995
-995
-996
-973
-975
-959
-959
-973
-973
-973
-903
-944
-986
-972
-958
-917
-986
-972
-986
-986
-986
-972
-987
-987
-987
-987
-987
-987
-987
-984
-984
-953
-980
-987
-973
-981
-981
-967
-987
-988
-985
-985
-994
-985
-989
-985
-989
-948
-985
-985
-974
-987
-931
-974
-959
-982
-987
-982
-988
-987
-988
-988
-948
-982
-994
-994
-994
-948
-980
-983
-983
-983
-983
-988
-966
-953
-974
-986
-981
-994
-994
-974
-919
-903
-942
201
201
-903
-987
201
-959
201
-931
-995
-995
-995
-995
-995
-995
-995
-965
-981
-995
