-995
-994
-987
-992
-973
-973
-994
-994
-994
-995
-994
-994
-995
-997
-994
-994
-993
-997
-996
-997
-995
-997
-996
-997
-996
-997
-997
-993
-994
-981
-996
-995
-995
-951
-965
-996
-996
-996
-993
-996
-996
-995
-993
-996
-993
-996
-995
-996
-992
-993
-979
-996
-987
-996
-994
-995
-996
-974
-994
-987
-995
-995
-994
-980
-988
-994
-994
-995
-994
-989
-989
-988
-995
-988
-995
-987
-994
-995
-995
-995
-995
-988
-995
-980
-995
-987
-973
-996
-994
-995
-995
-995
-995
-995
-995
-994
-994
-995
-995
-995
-995
-995
-995
-995
-995
-995
-994
-994
-994
-980
-994
-974
-994
-973
-967
-988
-889
-988
-931
-992
-968
-973
-974
-946
-989
-926
-946
-994
-994
-987
-996
-995
-996
-968
-960
-994
-994
-982
-996
-996
-996
-996
-996
-996
-996
-996
-996
-996
-996
-996
