-996
-989
-992
-994
-994
-994
-994
-994
-996
-959
-987
-995
-995
-995
-995
-995
-995
-995
-995
-988
-974
-990
-973
-994
-989
-996
-996
-990
-991
-990
-975
-975
-975
-977
-977
-996
-959
-992
-918
-984
-983
-981
-981
-995
-973
-973
-916
-985
-986
-995
-972
-972
-989
-925
-956
-911
-991
-889
-993
201
-865
-945
-972
-984
-985
-989
-986
-990
-986
-974
-890
-931
-902
-987
-918
201
-891
201
201
-949
201
-945
201
-974
201
-983
-948
201
201
201
201
-890
201
-917
201
-917
201
-979
-819
201
-984
-973
-973
-994
-973
-973
-973
-974
-807
-884
-968
-940
-913
-969
-913
-947
201
201
201
201
-937
-973
-945
-945
-955
201
201
201
-926
-870
-813
-995
-995
-953
-993
-993
-993
-993
-993
-993
-993
-993
-993
-981
-993
-993
-995
-993
-993
-993
