-994
-993
-994
-997
-992
-976
-982
-994
-994
-995
-966
-990
-991
-996
-994
-995
-992
-995
-992
-994
-994
-996
-986
-995
-995
-981
-995
-994
-995
-994
-996
-971
-990
-994
-994
-975
-994
-994
-994
-994
-995
-994
-994
-989
-974
-974
-995
-995
-995
-995
-995
-995
-995
-995
-995
-995
-995
-995
-995
-995
-995
-995
-995
-995
-995
-973
-987
-973
-987
-889
-959
-987
-987
-947
-995
-996
-997
-960
-985
-996
-987
-996
-983
-983
-996
-972
-903
-986
-959
-984
-917
-987
-983
-987
-959
-800
-968
-982
-968
-917
-901
-985
-985
-985
-985
-985
-985
-960
-980
-988
-931
-987
-987
-995
-987
-987
-987
-987
-987
-995
-988
201
-932
-945
-809
-864
-994
201
-919
-909
-952
-896
201
-826
-814
-857
-993
-931
201
201
201
201
201
201
201
201
-945
-994
-945
-843
